0.001395
0.001603
0.001591
0.001620
0.000945
0.001588
0.001551
0.001631
0.001113
0.000998
0.001105
0.001599
0.001332
0.001624
0.001591
0.001638
0.000739
0.001597
0.001624
0.001611
0.001589
0.001573
0.001591
0.001582
0.001595
0.001626
0.001090
0.001278
0.001574
0.001601
0.001661
0.001063
0.001362
0.001474
0.001592
0.001378
0.000834
0.001578
0.000816
0.001586
0.001545
0.001477
0.001352
0.001587
0.001654
0.001101
0.000715
0.001064
0.000461
0.000838
0.001283
0.001141
0.001613
0.001626
0.001568
0.001087
0.001112
0.001091
0.000264
0.001092
0.001118
0.001584
0.001582
0.001140
0.001364
0.001247
0.001231
0.001590
0.001577
0.001579
0.001641
0.001584
0.001578
0.001599
0.001613
0.001615
0.001426
0.001676
0.001604
0.001577
0.001517
0.001582
0.001519
0.001095
0.001130
0.001505
0.001100
0.001112
0.001092
0.000991
0.001099
0.001100
0.001106
0.000772
0.000806
0.000745
0.001604
0.000715
0.001618
0.001468
0.000889
0.001214
0.001166
0.001428
0.000653
0.001218
0.002208
0.001058
0.000709
0.001577
0.001594
0.000648
0.000796
0.001038
0.001224
0.001410
0.000847
0.001157
0.001227
0.001195
0.000683
0.001253
0.001407
0.001378
0.000881
0.001199
0.001285
0.001329
0.000711
0.001310
0.001230
0.001592
0.000780
0.001057
0.001215
0.001216
0.001666
0.001592
0.000700
0.001332
0.001619
0.001604
0.001451
0.001241
0.000661
0.001591
0.001560
0.001559
0.001290
0.001581
0.001594
0.001665
0.001096
0.001623
0.001435
0.001112
0.000656
0.001061
0.001114
0.001233
0.000765
0.001561
0.001599
0.001712
0.001097
0.001094
0.001102
0.001633
0.001637
0.001595
0.001139
0.001148
0.000691
0.001597
0.001601
0.001599
0.001629
0.001052
0.000689
0.001507
0.001076
0.001585
0.000691
0.001644
0.001640
0.001657
0.001099
0.001605
0.001555
0.001100
0.001098
0.001162
0.000833
0.001535
0.001110
0.001206
0.000674
0.001131
0.001534
0.001482
0.001715
0.001119
0.001590
0.001587
0.000739
0.000330
0.001026
0.001089
0.001127
0.001548
0.001585
0.001198
0.000767
0.001190
0.001195
0.001157
0.000772
0.001237
0.001314
0.001593
0.001655
0.001552
0.001594
0.001570
0.001191
0.000940
0.001305
0.001145
0.001602
0.001306
0.001100
0.001581
0.000787
0.000976
0.001546
0.001195
0.000785
0.001121
0.001565
0.000915
0.001647
0.001096
0.000228
0.001166
0.001128
0.001110
0.000502
0.001128
0.001226
0.001291
0.001571
0.001168
0.001602
0.001610
0.001678
0.001611
0.001577
0.000719
0.001687
0.001092
0.001611
0.001587
0.001565
0.001638
0.000728
0.001461
0.000692
0.001323
0.001597
0.000753
0.001260
0.001582
0.001533
0.001566
0.001558
0.001615
0.001580
0.001584
0.001110
0.001683
0.001005
0.001086
0.000257
0.001273
0.001139
0.001099
0.001114
0.001102
0.001588
0.001492
0.000793
0.001181
0.001597
0.000741
0.001487
0.001217
0.000804
0.001645
0.001102
0.000520
0.001115
0.001080
0.001094
0.000379
0.000660
0.001397
0.000712
0.001123
0.001106
0.000713
0.001142
0.001605
0.001471
0.001516
0.000298
0.000889
0.001115
0.001605
0.000912
0.001624
0.001097
0.001065
0.000404
0.001273
0.000833
0.001585
0.001609
0.001581
0.001591
0.001590
0.001558
0.001637
0.001587
0.000704
0.001234
0.001205
0.001642
0.001592
0.001597
0.001347
0.000676
0.001212
0.001066
0.001545
0.001622
0.001589
0.001565
0.001132
0.001229
0.001185
0.001585
0.000712
0.001353
0.001101
0.001233
0.001593
0.001632
0.001579
0.000946
0.000780
0.001365
0.001071
0.001049
0.001620
0.001162
0.001219
0.001293
0.001578
0.001584
0.001577
0.001660
0.001623
0.000717
0.001234
0.001589
0.001037
0.000808
0.001579
0.001098
0.001119
0.001531
0.001416
0.001265
0.000854
0.000807
0.001636
0.001592
0.001095
0.001086
0.001126
0.001229
0.001167
0.000716
0.001173
0.001128
0.001048
0.000662
0.001328
0.001123
0.001212
0.000666
0.001586
0.001634
0.000771
0.000659
0.001134
0.001570
0.000944
0.001675
0.001590
0.000943
0.001063
0.000768
0.001198
0.001119
0.001230
0.001554
0.001606
0.001626
0.000787
0.001592
0.001598
0.001115
0.000807
0.001569
0.001669
0.001222
0.001594
0.001564
0.000994
0.001514
0.000772
0.001557
0.001089
0.001086
0.000721
0.001040
0.001589
0.001050
0.001643
0.001547
0.001215
0.001600
0.001571
0.001608
0.001615
0.001437
0.001427
0.001042
0.001501
0.000985
0.001417
0.001599
0.001128
0.001073
0.001581
0.001611
0.001121
0.001209
0.001599
0.001399
0.001323
0.001586
0.001084
0.001035
0.001602
0.000900
0.001127
0.001242
0.001476
0.001588
0.000731
0.001582
0.001596
0.001577
0.001601
0.001591
0.001304
0.001572
0.001588
0.001630
0.001005
0.001614
0.001020
0.001400
0.001608
0.001574
0.001637
0.001591
0.001587
0.001605
0.001601
0.001063
0.000687
0.001666
0.001625
0.001112
0.001153
0.001081
0.001095
