0.000652
0.000738
0.000679
0.002005
0.000840
0.000676
0.000785
0.000762
0.001438
0.000936
0.000698
0.000900
0.000947
0.000702
0.000866
0.000717
0.000835
0.000733
0.000912
0.000665
0.000695
0.000671
0.001397
0.001366
0.000715
0.000728
0.000726
0.000957
0.000648
0.000699
0.000720
0.000685
0.001667
0.001077
0.000981
0.000765
0.000702
0.000945
0.000662
0.001408
0.000790
0.000744
0.000659
0.001440
0.001629
0.000689
0.000867
0.001337
0.000778
0.000877
0.000841
0.000676
0.000702
0.000701
0.000725
0.000743
0.000872
0.000652
0.000963
0.000967
0.000634
0.000715
0.000967
0.000752
0.001417
0.000715
0.000394
0.000427
0.000447
0.000534
0.001391
0.000802
0.000366
0.000460
0.000351
0.000441
0.000406
0.001354
0.000680
0.000905
0.000832
0.000689
0.000713
0.000722
0.000821
0.000720
0.000744
0.000731
0.000767
0.000747
0.001404
0.000914
0.000707
0.000702
0.000931
0.000712
0.000631
0.000824
0.000888
0.000823
0.000741
0.000672
0.000763
0.000909
0.000801
0.000670
0.000729
0.000751
0.001719
0.000692
0.000842
0.000768
0.001339
0.000703
0.000716
0.000759
0.000736
0.001042
0.000931
0.001006
0.000685
0.000649
0.000972
0.000819
0.000657
0.000750
0.000851
0.000706
0.000733
0.001187
0.000753
0.000690
0.000740
0.000734
0.000941
0.000704
0.000717
0.000693
0.000938
0.000715
0.000740
0.000707
0.000947
0.000908
0.000910
0.000898
0.000877
0.000986
0.000763
0.000900
0.000622
0.000682
0.000917
0.000698
0.000928
0.000803
0.000905
0.000696
0.000760
0.001966
0.000799
0.000669
0.000667
0.001403
0.000674
0.000956
0.000881
0.000924
0.000754
0.000678
0.000653
0.001722
0.000965
0.000878
0.000886
0.000662
0.000718
0.000871
0.000883
0.001501
0.000896
0.000711
0.001378
0.001395
0.000920
0.000766
0.000799
0.000947
0.000678
0.000926
0.000905
0.000873
0.000672
0.000888
0.000657
0.000872
0.001277
0.000870
0.000947
0.000756
0.000743
0.001387
0.001129
0.000946
0.000887
0.000677
0.000683
0.000898
0.001480
0.000838
0.000888
0.000826
0.000864
0.000948
0.000709
0.000661
0.000817
0.000921
0.001577
0.000877
0.001294
0.000964
0.000726
0.000896
0.000924
0.000935
0.000952
0.000847
0.001000
0.000933
0.001022
0.000902
0.001348
0.000883
0.000669
0.000673
0.000887
0.000897
0.000868
0.000781
0.000939
0.000677
0.000932
0.000898
0.000660
0.000940
0.000738
0.000668
0.000710
0.000765
0.002356
0.000895
0.000780
0.000978
0.000854
0.000861
0.000755
0.000852
0.000884
0.000911
0.000707
0.000942
0.000653
0.000706
0.000711
0.000678
0.000743
0.000957
0.000689
0.000692
0.000637
0.000736
0.000850
0.000738
0.000983
0.001134
0.000975
0.001414
0.000513
0.000433
0.000422
0.000510
0.001365
0.000430
0.000679
0.000838
0.001367
0.000838
0.000406
0.000466
0.001486
0.000700
0.000748
0.000454
0.000600
0.000380
0.000359
0.000636
0.000693
0.000920
0.000730
0.000718
0.000773
0.000734
0.000861
0.000733
0.000897
0.000925
0.000747
0.000774
0.000971
0.000899
0.000854
0.000865
0.000694
0.000681
0.000711
0.000851
0.000666
0.000660
0.000755
0.000966
0.000657
0.000924
0.000890
0.000732
0.001009
0.000725
0.000711
0.000894
0.000901
0.000913
0.000716
0.000656
0.001429
0.000670
0.000694
0.000678
0.000688
0.000900
0.001006
0.000670
0.000874
0.000620
0.000696
0.000768
0.000727
0.001212
0.000670
0.000693
0.000648
0.000628
0.000940
0.000681
0.001312
0.000664
0.000700
0.000627
0.000666
0.000712
0.000862
0.000752
0.000868
0.000839
0.000716
0.000688
0.000720
0.000707
0.000687
0.000807
0.000698
0.000714
0.000955
0.000734
0.000731
0.001035
0.000858
0.000756
0.000709
0.000724
0.000692
0.001355
0.000774
0.000656
0.000654
0.001497
0.000685
0.000748
0.000944
0.000724
0.000738
0.000677
0.000696
0.000729
0.000842
0.000744
0.000709
0.000761
0.000709
0.000729
0.000858
0.000854
0.000845
0.000719
0.000644
0.000851
0.000709
0.001016
0.000657
0.000657
0.001443
0.000882
0.000717
0.000918
0.000646
0.000907
0.000721
0.000708
0.000705
0.000912
0.000626
0.000619
0.000904
0.000693
0.000720
0.000885
0.000869
0.000639
0.001424
0.000681
0.001061
0.000964
0.001590
0.000454
0.000400
0.000411
0.000831
0.001394
0.000871
0.000836
0.000906
0.000898
0.000882
0.000719
0.000680
0.000735
0.001358
0.001117
0.000829
0.000781
0.000756
0.000857
0.000664
0.000633
0.000656
0.000710
0.000893
0.001391
0.000912
0.001438
0.000745
0.000734
0.000881
0.000711
0.000969
0.000853
0.001416
0.000913
0.000737
0.000699
0.000720
0.000882
0.000937
0.000717
0.000678
0.000749
0.000612
0.000803
0.000705
0.000672
0.000776
0.000730
0.000730
0.000680
0.000938
0.000950
0.000997
0.000934
0.000658
0.000917
0.000897
0.000944
0.000728
0.000793
0.000706
0.000754
0.000762
0.000736
0.000805
0.000935
