0.001547
0.000815
0.000764
0.000767
0.001678
0.001158
0.000921
0.000780
0.000821
0.000793
0.000790
0.000795
0.000768
0.001035
0.001748
0.001230
0.001819
0.000813
0.000732
0.000775
0.000772
0.000935
0.000789
0.000801
0.001485
0.001245
0.000413
0.001086
0.001263
0.000448
0.000439
0.000514
0.001458
0.001282
0.001151
0.001245
0.001126
0.000424
0.001001
0.001113
0.000422
0.000537
0.000371
0.001675
0.001304
0.001097
0.000513
0.001636
0.000967
0.000749
0.001040
0.001018
0.000923
0.000759
0.001693
0.000858
0.001015
0.000820
0.000797
0.000836
0.000901
0.000800
0.000857
0.000854
0.000751
0.000777
0.000728
0.000706
0.000906
0.000814
0.000773
0.000766
0.000944
0.000800
0.000904
0.001482
0.000755
0.000808
0.001328
0.001716
0.001223
0.000432
0.000415
0.000410
0.001483
0.001811
0.001298
0.000826
0.000809
0.000736
0.000975
0.000830
0.000790
0.000762
0.000940
0.000778
0.000754
0.001012
0.000783
0.000742
0.000788
0.000759
0.001044
0.000761
0.000752
0.000780
0.000763
0.002057
0.001161
0.000902
0.000787
0.001006
0.000748
0.001603
0.000985
0.001384
0.001341
0.001178
0.002070
0.001184
0.000410
0.000400
0.000537
0.000410
0.001695
0.001193
0.000814
0.000699
0.000784
0.001515
0.001023
0.000759
0.001559
0.000777
0.000766
0.001731
0.001004
0.001482
0.001239
0.000402
0.001282
0.001072
0.000798
0.000968
0.000759
0.000802
0.000757
0.000816
0.000826
0.001260
0.000746
0.000820
0.000844
0.000790
0.000703
0.001698
0.000814
0.000751
0.000790
0.000770
0.001209
0.000850
0.000747
0.000809
0.000773
0.000810
0.000913
0.001034
0.000735
0.000769
0.001087
0.000805
0.000913
0.000777
0.000829
0.000940
0.000807
0.000959
0.000815
0.001086
0.000787
0.000825
0.000810
0.000828
0.000918
0.000793
0.000903
0.001183
0.000928
0.000782
0.000737
0.000720
0.000947
0.000813
0.001346
0.000749
0.001427
0.000941
0.001272
0.001778
0.000893
0.000927
0.000759
0.000809
0.000998
0.001201
0.000987
0.001058
0.001805
0.000791
0.000836
0.001578
0.000975
0.000752
0.000783
0.000754
0.000792
0.001148
0.001038
0.000913
0.001726
0.000969
0.001118
0.000808
0.001121
0.000963
0.000775
0.000964
0.000794
0.000775
0.001869
0.001365
0.001202
0.000455
0.000665
0.001396
0.000383
0.001200
0.001335
0.000410
0.000630
0.000543
0.000471
0.001159
0.001838
0.000820
0.001125
0.001138
0.000423
0.000898
0.000557
0.001687
0.000424
0.000831
0.001415
0.000835
0.001099
0.000599
0.001186
0.001200
0.000692
0.001296
0.000417
0.000906
0.000579
0.001622
0.000822
0.001144
0.001225
0.000819
0.001328
0.000752
0.001381
0.001825
0.001685
0.001310
0.001125
0.000393
0.001339
0.001186
0.001175
0.001815
0.001330
0.001114
0.000806
0.000909
0.000881
0.000893
0.001053
0.001654
0.001236
0.001685
0.000425
0.000420
0.000832
0.001645
0.001256
0.000387
0.001211
0.001196
0.000579
0.000389
0.001371
0.000915
0.000652
0.000663
0.002063
0.001126
0.000751
0.002355
0.001527
0.001220
0.000467
0.000467
0.001419
0.000594
0.001206
0.001239
0.001634
0.001678
0.000992
0.000754
0.000773
0.000772
0.001200
0.001643
0.000855
0.000962
0.001926
0.001048
0.000970
0.001800
0.000973
0.000845
0.000820
0.001021
0.001086
0.000801
0.000809
0.000755
0.001669
0.001071
0.000789
0.000821
0.001725
0.000986
0.000762
0.001235
0.000766
0.001846
0.001242
0.001172
0.000729
0.001273
0.001197
0.001058
0.000768
0.000722
0.001074
0.000925
0.000743
0.000803
0.000851
0.001201
0.000778
0.000799
0.001709
0.001364
0.001231
0.001261
0.001628
0.000435
0.000691
0.001280
0.001209
0.000461
0.000351
0.000895
0.001702
0.001003
0.000227
0.001266
0.001013
0.000877
0.000812
0.000976
0.001038
0.001668
0.000395
0.000394
0.001169
0.000448
0.001189
0.001217
0.000869
0.001050
0.001167
0.001105
0.001339
0.001193
0.000780
0.000794
0.000799
0.000772
0.001010
0.001051
0.001235
0.001779
0.000408
0.000504
0.000949
0.000889
0.001491
0.000420
0.001049
0.000415
0.001004
0.000658
0.001492
0.000741
0.000450
0.000454
0.000439
0.001718
0.000366
0.001017
0.001146
0.000441
0.001604
0.000463
0.001181
0.001157
0.001191
0.000511
0.000705
0.001454
0.001156
0.000411
0.001384
0.001169
0.001269
0.001094
0.001666
0.000807
0.000799
0.000791
0.000734
0.001095
0.000767
0.000780
0.001599
0.000800
0.000763
0.000770
0.000761
0.001772
0.001034
0.000759
0.000809
0.000970
0.000762
0.000737
0.000786
0.000780
0.000810
0.000791
0.000802
0.000820
0.000749
0.001656
0.001228
0.001078
0.000896
0.000772
0.000754
0.000802
0.001238
0.001645
0.000778
0.000825
0.001309
0.000800
0.001950
0.001219
0.001230
0.001011
0.000826
0.000814
0.000807
0.000938
0.000800
0.000800
0.000726
0.000744
0.000934
0.000959
0.001008
0.000842
0.000814
0.000813
