0.001761
0.001089
0.002078
0.001643
0.001091
0.001964
0.001779
0.001323
0.001146
0.001130
0.001141
0.001611
0.001980
0.001136
0.001144
0.001075
0.001184
0.001127
0.000476
0.000638
0.001376
0.001120
0.000714
0.001153
0.001618
0.001162
0.001137
0.001121
0.001094
0.001133
0.001612
0.001954
0.001889
0.001001
0.001311
0.001928
0.001022
0.001298
0.001149
0.001152
0.001144
0.001142
0.001065
0.001744
0.001687
0.001060
0.001417
0.001141
0.001034
0.001821
0.001144
0.001546
0.001905
0.001132
0.001931
0.001542
0.001051
0.001939
0.001149
0.001155
0.001156
0.001196
0.001177
0.000932
0.001049
0.001752
0.001954
0.001060
0.001219
0.002024
0.001163
0.001986
0.001118
0.001363
0.001163
0.001050
0.001238
0.001069
0.001161
0.001843
0.001837
0.001085
0.001284
0.001292
0.001126
0.001792
0.001141
0.001159
0.001171
0.001042
0.001371
0.001075
0.001064
0.001588
0.001722
0.001142
0.001784
0.001052
0.001155
0.001148
0.001339
0.001120
0.001138
0.001139
0.000687
0.001164
0.001157
0.001127
0.001129
0.001268
0.000434
0.001201
0.001066
0.001134
0.001986
0.001641
0.001136
0.001912
0.001911
0.001095
0.001118
0.001069
0.001763
0.001672
0.001161
0.000336
0.001192
0.001163
0.001304
0.001205
0.001162
0.001731
0.001819
0.001160
0.001266
0.001200
0.001139
0.001867
0.000918
0.001152
0.001135
0.001061
0.001120
0.001861
0.001917
0.001134
0.001870
0.001038
0.001188
0.001145
0.001150
0.001146
0.001160
0.001132
0.002110
0.001141
0.001154
0.001036
0.001159
0.001975
0.001165
0.001967
0.001905
0.000901
0.001132
0.000986
0.001343
0.001730
0.001832
0.001162
0.001126
0.001689
0.001862
0.001154
0.001108
0.001136
0.001286
0.001598
0.001269
0.001619
0.001798
0.000921
0.001130
0.001034
0.001139
0.001081
0.001157
0.001127
0.001891
0.001155
0.001145
0.001152
0.001163
0.001822
0.001323
0.000976
0.001055
0.001170
0.001579
0.001196
0.001137
0.001050
0.001112
0.001124
0.001130
0.001296
0.001168
0.001115
0.001063
0.001361
0.001140
0.001152
0.001852
0.001192
0.001632
0.001129
0.001153
0.001395
0.001513
0.001129
0.001824
0.001164
0.001343
0.001159
0.001055
0.001030
0.001102
0.001114
0.001853
0.001158
0.001838
0.001169
0.001053
0.001655
0.001137
0.001362
0.001153
0.001136
0.001103
0.001221
0.001143
0.001069
0.001147
0.001090
0.001178
0.000950
0.001563
0.001852
0.001853
0.001376
0.001148
0.001075
0.001156
0.001122
0.001306
0.001157
0.001145
0.001166
0.001126
0.001186
0.001251
0.001162
0.001227
0.000968
0.001247
0.001457
0.001123
0.001378
0.001136
0.000541
0.001089
0.001221
0.001978
0.001876
0.001053
0.001134
0.001137
0.001143
0.000654
0.001089
0.001530
0.001160
0.001195
0.001154
0.001124
0.001311
0.001154
0.001074
0.001142
0.000931
0.000790
0.001129
0.001455
0.001150
0.001598
0.001147
0.001069
0.001156
0.001079
0.001135
0.001121
0.001055
0.001178
0.001155
0.001827
0.001120
0.001564
0.001903
0.001171
0.001587
0.001995
0.001327
0.001114
0.001172
0.001151
0.000273
0.001191
0.001136
0.001871
0.001562
0.001162
0.001166
0.001885
0.001130
0.001156
0.001134
0.001135
0.001054
0.001820
0.001848
0.001828
0.001549
0.001147
0.001157
0.001137
0.001182
0.001104
0.001161
0.001163
0.001769
0.001163
0.001143
0.001555
0.001139
0.001148
0.001203
0.001160
0.001472
0.001143
0.001155
0.001112
0.001142
0.001139
0.001171
0.001144
0.001112
0.001641
0.001156
0.001562
0.002074
0.000851
0.001228
0.001188
0.001048
0.001851
0.001069
0.001626
0.001794
0.001183
0.001106
0.001192
0.001120
0.001152
0.001117
0.001169
0.001112
0.001788
0.001159
0.001715
0.001080
0.001612
0.001826
0.001092
0.001979
0.001228
0.002122
0.001059
0.001144
0.001141
0.001039
0.001052
0.001638
0.001152
0.001848
0.001153
0.001325
0.001139
0.001067
0.001171
0.001172
0.001159
0.001407
0.001894
0.001156
0.001821
0.001123
0.001099
0.001141
0.001172
0.000927
0.000239
0.001119
0.001942
0.001129
0.001131
0.001556
0.001193
0.001842
0.001158
0.000803
0.001158
0.001123
0.001145
0.001121
0.001115
0.001554
0.001147
0.001065
0.002063
0.001050
0.001856
0.001238
0.001850
0.001834
0.001121
0.000192
0.000995
0.001010
0.001026
0.001139
0.001624
0.001785
0.001518
0.001166
0.001128
0.001140
0.001173
0.000963
0.002077
0.001904
0.001139
0.001978
0.001093
0.001138
0.001836
0.001143
0.001347
0.001841
0.001824
0.001195
0.001528
0.001047
0.001034
0.000303
0.001166
0.001173
0.001850
0.001136
0.001287
0.001120
0.001111
0.001140
0.001039
0.001306
0.001146
0.001122
0.001398
0.001710
0.001124
0.001170
0.001780
0.001873
0.001161
0.001967
0.001141
0.001144
0.001277
0.001035
0.001246
0.001129
0.001125
0.001055
0.001822
0.000986
0.001348
0.001177
0.001150
0.001081
0.001167
0.001162
