0.000985
0.001022
0.001006
0.000956
0.000891
0.002049
0.000752
0.001139
0.000987
0.000957
0.001081
0.000881
0.000945
0.000918
0.001015
0.000956
0.000846
0.000884
0.000904
0.001679
0.000946
0.000978
0.000980
0.000964
0.000992
0.001104
0.001458
0.000997
0.000919
0.001047
0.001003
0.001001
0.000966
0.000988
0.000952
0.000973
0.000942
0.001086
0.001018
0.000960
0.000957
0.000942
0.000958
0.000937
0.000963
0.001006
0.000930
0.000927
0.000947
0.000928
0.000986
0.000952
0.001018
0.000950
0.001031
0.000947
0.000986
0.001044
0.000957
0.001051
0.000938
0.001064
0.001022
0.000979
0.000917
0.001093
0.000978
0.001099
0.001021
0.002032
0.000720
0.001194
0.001133
0.001026
0.001024
0.000983
0.001037
0.001056
0.000996
0.001005
0.001287
0.001006
0.001021
0.000957
0.000987
0.001247
0.000983
0.000989
0.001049
0.001072
0.001040
0.001049
0.001067
0.001002
0.001085
0.001003
0.001344
0.001982
0.001213
0.001036
0.001028
0.001028
0.000936
0.002124
0.000309
0.000383
0.001159
0.001132
0.000997
0.001024
0.000937
0.001007
0.001056
0.001071
0.001094
0.001069
0.001034
0.001016
0.000987
0.001112
0.000955
0.001100
0.000988
0.001046
0.002050
0.000927
0.000996
0.001132
0.000923
0.000979
0.001226
0.000967
0.001070
0.000918
0.000930
0.000996
0.000921
0.000940
0.000937
0.001683
0.000993
0.001026
0.001016
0.001023
0.000933
0.000949
0.000999
0.000953
0.000948
0.001037
0.001112
0.000998
0.001014
0.000936
0.001029
0.001009
0.000970
0.001852
0.001018
0.001016
0.000989
0.000913
0.001072
0.001036
0.000958
0.001039
0.000935
0.001008
0.001055
0.001027
0.000975
0.001014
0.000979
0.000968
0.001106
0.000931
0.000999
0.002042
0.000892
0.000571
0.000469
0.000841
0.001681
0.000381
0.000352
0.001372
0.000768
0.000471
0.000694
0.001262
0.000486
0.000695
0.000900
0.001174
0.000963
0.000891
0.001003
0.000989
0.001008
0.001112
0.001067
0.000985
0.001901
0.001008
0.000422
0.000532
0.000510
0.001690
0.000973
0.000970
0.000949
0.001911
0.000941
0.000956
0.001048
0.000958
0.001000
0.000947
0.001040
0.001464
0.000901
0.000997
0.001014
0.001981
0.000463
0.000404
0.000389
0.001200
0.001129
0.000961
0.000977
0.000943
0.001101
0.000941
0.000922
0.000969
0.000936
0.001038
0.001018
0.000962
0.001806
0.000959
0.001065
0.000983
0.001013
0.000998
0.000949
0.000949
0.001948
0.001165
0.001260
0.001010
0.001002
0.000907
0.001077
0.000917
0.001080
0.001026
0.000998
0.000917
0.001044
0.000990
0.000990
0.001036
0.001020
0.000995
0.001211
0.001035
0.000984
0.001011
0.000953
0.001023
0.001075
0.000980
0.001029
0.000939
0.001024
0.000948
0.000977
0.000988
0.001014
0.001575
0.000994
0.000933
0.000936
0.001024
0.001050
0.001076
0.000924
0.000974
0.000995
0.000966
0.001028
0.000916
0.001066
0.000998
0.001011
0.001056
0.001014
0.001018
0.000996
0.001039
0.001029
0.000984
0.000989
0.000926
0.000971
0.000970
0.000967
0.000984
0.001029
0.001069
0.001013
0.000925
0.001008
0.001044
0.001009
0.001034
0.001064
0.000914
0.001881
0.000351
0.001258
0.001234
0.001051
0.000424
0.001609
0.001063
0.000433
0.001058
0.000793
0.000496
0.000721
0.001187
0.001038
0.001128
0.001049
0.000997
0.001058
0.001127
0.001102
0.001028
0.000955
0.002074
0.001046
0.001047
0.001020
0.001014
0.000974
0.000979
0.001010
0.001018
0.000935
0.001972
0.000995
0.001673
0.001193
0.000323
0.001237
0.000943
0.000937
0.001650
0.000415
0.000316
0.000428
0.001607
0.000414
0.000552
0.000392
0.000449
0.001629
0.000975
0.001911
0.000395
0.000504
0.000840
0.001598
0.000521
0.000978
0.000950
0.002055
0.000506
0.000781
0.000433
0.001583
0.000584
0.000485
0.000420
0.001685
0.000382
0.000732
0.001215
0.000728
0.001211
0.001178
0.000677
0.000494
0.000788
0.000496
0.000598
0.002238
0.001746
0.000987
0.001060
0.001213
0.001073
0.001008
0.000959
0.001027
0.000969
0.000952
0.001012
0.001093
0.001041
0.001017
0.001873
0.001356
0.001290
0.000362
0.000466
0.000884
0.001635
0.000531
0.000467
0.001113
0.000402
0.000473
0.001453
0.000360
0.000452
0.000395
0.001823
0.001139
0.000493
0.000514
0.001512
0.001282
0.000388
0.000541
0.000819
0.001653
0.001234
0.001037
0.000906
0.001054
0.000921
0.002488
0.001295
0.000552
0.001275
0.000998
0.000996
0.001034
0.000974
0.001066
0.000984
0.001019
0.001032
0.000992
0.001113
0.000928
0.000940
0.000969
0.000968
0.001006
0.000936
0.001036
0.001026
0.001009
0.000861
0.001066
0.001086
0.000950
0.000919
0.001098
0.001034
0.001112
0.000891
0.001059
0.000980
0.001042
0.001045
0.001009
0.000976
0.000975
0.000978
0.000964
0.000947
0.001047
0.000956
0.000976
0.001008
0.001086
0.002050
0.001864
0.001203
0.001059
0.000931
0.001037
0.000984
