0.001155
0.001007
0.000645
0.001080
0.000486
0.001168
0.000815
0.000875
0.000706
0.001582
0.000721
0.000695
0.000886
0.000703
0.000851
0.000821
0.000669
0.000684
0.000735
0.000898
0.000729
0.000732
0.000764
0.000935
0.000669
0.000750
0.000721
0.000738
0.000717
0.000853
0.000939
0.000719
0.000977
0.000718
0.000798
0.000730
0.000711
0.000719
0.000950
0.000700
0.000866
0.000772
0.000744
0.000919
0.000718
0.000745
0.000756
0.000914
0.000734
0.000853
0.000749
0.000866
0.000868
0.000677
0.000768
0.000891
0.001368
0.000884
0.000739
0.000869
0.000894
0.000883
0.000740
0.000787
0.000815
0.001723
0.000753
0.000878
0.000845
0.000870
0.000742
0.000897
0.000817
0.000759
0.000728
0.000728
0.000759
0.000798
0.000719
0.000829
0.000838
0.000915
0.000807
0.000905
0.000831
0.000879
0.000818
0.000836
0.000775
0.000724
0.000871
0.000903
0.000792
0.000730
0.000717
0.000797
0.000706
0.000759
0.000874
0.000776
0.000758
0.000682
0.000708
0.000864
0.000763
0.000783
0.000763
0.000745
0.001774
0.001116
0.000877
0.000846
0.000670
0.000765
0.000863
0.000766
0.000713
0.000962
0.000840
0.000738
0.000742
0.000867
0.000772
0.000852
0.000795
0.000718
0.000800
0.000751
0.000726
0.000868
0.000765
0.000929
0.000773
0.000728
0.000738
0.000736
0.000839
0.000858
0.000730
0.000862
0.000895
0.000718
0.000767
0.000881
0.000822
0.000865
0.000883
0.000774
0.000882
0.000769
0.000902
0.000932
0.000860
0.000752
0.000717
0.000746
0.000781
0.000765
0.000713
0.000765
0.000705
0.000726
0.000750
0.000881
0.000824
0.000729
0.000695
0.001586
0.000751
0.000854
0.000776
0.000740
0.000833
0.001656
0.000791
0.000729
0.001674
0.001040
0.001078
0.000880
0.000757
0.000732
0.001680
0.000823
0.000828
0.000709
0.000713
0.000767
0.001084
0.000788
0.000737
0.000748
0.001741
0.000725
0.000863
0.000812
0.000705
0.000732
0.000851
0.000708
0.000763
0.000911
0.000823
0.000908
0.000845
0.000778
0.000741
0.000694
0.000766
0.000710
0.000706
0.000767
0.000698
0.000754
0.000727
0.000688
0.000795
0.000816
0.000860
0.000802
0.000750
0.000866
0.000735
0.000844
0.000720
0.000743
0.000796
0.000840
0.000750
0.000714
0.000785
0.000875
0.000717
0.000845
0.000772
0.000738
0.000723
0.000864
0.000883
0.000907
0.000714
0.000713
0.000837
0.000716
0.000697
0.000850
0.000690
0.000739
0.000911
0.000710
0.000734
0.001734
0.000832
0.000742
0.000870
0.000873
0.000902
0.000866
0.000822
0.000813
0.000832
0.000707
0.000801
0.000882
0.000904
0.000802
0.000694
0.000832
0.000870
0.000918
0.000713
0.000744
0.000823
0.000830
0.000879
0.000845
0.000737
0.000860
0.000690
0.000870
0.000738
0.000729
0.000813
0.000809
0.000762
0.000804
0.000941
0.000933
0.000896
0.000717
0.000722
0.000774
0.000773
0.002231
0.000731
0.000732
0.000817
0.000856
0.000751
0.000869
0.000729
0.000716
0.000883
0.000880
0.000885
0.000721
0.000774
0.000865
0.000850
0.000818
0.000860
0.000748
0.000764
0.000756
0.000842
0.000793
0.000790
0.000831
0.000742
0.000807
0.000732
0.000863
0.000909
0.000776
0.000863
0.000844
0.000817
0.000854
0.000730
0.000703
0.000862
0.000765
0.000746
0.000745
0.000801
0.000825
0.000743
0.000769
0.000753
0.000844
0.000771
0.000749
0.000865
0.000738
0.000771
0.000876
0.000859
0.000702
0.000703
0.000751
0.000836
0.000837
0.000879
0.000741
0.001747
0.000388
0.000505
0.001225
0.000787
0.000711
0.000709
0.000789
0.000852
0.000726
0.000867
0.000780
0.000842
0.000833
0.000882
0.000710
0.000697
0.000876
0.001448
0.000758
0.000890
0.000703
0.000877
0.000700
0.000831
0.000928
0.001596
0.000786
0.000711
0.000712
0.000771
0.000753
0.000787
0.000782
0.000799
0.000760
0.000852
0.000813
0.000721
0.000724
0.001011
0.000855
0.000900
0.000733
0.000835
0.000723
0.000856
0.000698
0.000886
0.000696
0.000698
0.000815
0.000908
0.000707
0.000835
0.000725
0.000684
0.000732
0.000913
0.000767
0.001725
0.000746
0.000700
0.000714
0.000848
0.000754
0.000752
0.000821
0.000845
0.000851
0.000863
0.000923
0.000874
0.000914
0.000905
0.001349
0.002195
0.000938
0.000717
0.000886
0.000923
0.000755
0.000840
0.000773
0.000808
0.000703
0.000840
0.000889
0.001329
0.000794
0.000836
0.000728
0.000753
0.000794
0.000711
0.000740
0.000827
0.000756
0.000723
0.000701
0.000811
0.000779
0.000708
0.000728
0.000863
0.000800
0.000753
0.000740
0.000873
0.000922
0.000733
0.000865
0.000775
0.000773
0.000701
0.000808
0.002259
0.000865
0.000703
0.000722
0.000787
0.000851
0.000714
0.000747
0.000765
0.000872
0.001759
0.000861
0.000914
0.000757
0.000745
0.000931
0.000710
0.000739
0.000763
0.000741
0.000739
0.000828
0.000815
0.000723
0.000858
0.000761
0.000819
0.000740
0.000832
0.000822
