0.000873
0.001053
0.001513
0.000999
0.000959
0.000892
0.000872
0.000831
0.000933
0.000972
0.000876
0.000931
0.001235
0.001033
0.000970
0.000869
0.001838
0.001020
0.001341
0.000924
0.000974
0.000909
0.000980
0.001458
0.001284
0.000779
0.000940
0.000819
0.001021
0.002885
0.001065
0.000992
0.000954
0.001039
0.000972
0.000965
0.001001
0.001138
0.000987
0.000951
0.001077
0.000930
0.000959
0.000925
0.000971
0.001004
0.000927
0.000811
0.001017
0.000890
0.000884
0.000906
0.000966
0.000887
0.000985
0.000921
0.000740
0.001671
0.001493
0.000810
0.000984
0.000919
0.001185
0.000957
0.000960
0.001078
0.000902
0.000921
0.000958
0.000968
0.001082
0.001913
0.000967
0.000953
0.000945
0.000896
0.000944
0.000996
0.000865
0.000991
0.000873
0.001006
0.000841
0.000862
0.001033
0.000892
0.000986
0.000960
0.000997
0.001033
0.000948
0.000981
0.001095
0.000913
0.000971
0.000987
0.001013
0.000834
0.001068
0.001899
0.000922
0.001613
0.001010
0.000943
0.000945
0.001024
0.000864
0.000941
0.001037
0.000873
0.000932
0.001251
0.001004
0.000878
0.000986
0.000938
0.000930
0.000873
0.000968
0.001037
0.000881
0.000953
0.001830
0.001270
0.000741
0.000753
0.000940
0.000414
0.001521
0.001051
0.000972
0.001119
0.000512
0.000673
0.001294
0.001070
0.001681
0.001244
0.000408
0.001106
0.000959
0.000841
0.000698
0.001094
0.001647
0.000984
0.001101
0.001072
0.001061
0.000892
0.001031
0.000913
0.001035
0.001088
0.000910
0.000946
0.001099
0.001004
0.000975
0.000946
0.001018
0.000861
0.001133
0.000913
0.001124
0.001949
0.001263
0.000371
0.001013
0.000739
0.000805
0.000430
0.001609
0.001733
0.000435
0.000421
0.000979
0.001613
0.000343
0.000907
0.000526
0.001500
0.000428
0.000833
0.000721
0.001640
0.001135
0.001154
0.001031
0.000928
0.000975
0.001101
0.001886
0.001077
0.000876
0.000959
0.001053
0.001057
0.000732
0.000890
0.002382
0.000975
0.000956
0.000910
0.000987
0.000883
0.000932
0.001008
0.000868
0.001096
0.000904
0.001092
0.000951
0.001019
0.001011
0.000993
0.000946
0.000846
0.000982
0.000948
0.000987
0.000998
0.001174
0.001668
0.000484
0.001283
0.000491
0.001192
0.000949
0.000961
0.001687
0.000930
0.000907
0.000940
0.000942
0.000903
0.000838
0.000958
0.001769
0.000966
0.000824
0.001002
0.001779
0.000939
0.000942
0.000895
0.000872
0.001946
0.000816
0.001104
0.000516
0.001252
0.001062
0.000941
0.000974
0.000969
0.000839
0.000988
0.001579
0.000751
0.000950
0.001062
0.001017
0.000989
0.000863
0.001804
0.000946
0.001395
0.000627
0.001143
0.001292
0.001093
0.000937
0.000886
0.001069
0.001055
0.000770
0.001089
0.000947
0.000910
0.001047
0.000926
0.000952
0.001077
0.001006
0.000850
0.000956
0.000999
0.000973
0.000946
0.001523
0.000932
0.000941
0.000929
0.000842
0.001119
0.000871
0.000954
0.001007
0.000926
0.000951
0.001551
0.000986
0.000887
0.001050
0.000898
0.000971
0.001047
0.000817
0.001045
0.000889
0.000898
0.000967
0.002413
0.000986
0.000937
0.001041
0.000954
0.000984
0.000927
0.000969
0.001023
0.002122
0.000602
0.001226
0.000434
0.001164
0.001025
0.000844
0.000969
0.000889
0.000958
0.001063
0.000910
0.001766
0.000948
0.000928
0.000945
0.000880
0.000986
0.000980
0.001505
0.000963
0.000907
0.001033
0.001491
0.000973
0.000817
0.000868
0.001018
0.001559
0.000918
0.000907
0.000908
0.000932
0.000994
0.000927
0.000990
0.000849
0.000844
0.000922
0.000853
0.000903
0.000860
0.001000
0.001006
0.000986
0.000898
0.000932
0.000831
0.000805
0.000933
0.000888
0.000916
0.000918
0.000868
0.000869
0.000966
0.001634
0.000934
0.001010
0.000909
0.000895
0.001353
0.001108
0.000868
0.000874
0.000896
0.000969
0.000926
0.000863
0.000810
0.001001
0.001070
0.000961
0.001038
0.001003
0.000859
0.000962
0.000981
0.000946
0.001007
0.000958
0.001025
0.000989
0.001719
0.000416
0.000455
0.000768
0.001258
0.000764
0.001207
0.001073
0.000947
0.001032
0.001074
0.000942
0.001051
0.000959
0.000872
0.000992
0.000970
0.000913
0.000991
0.000954
0.001374
0.000956
0.000956
0.000945
0.000955
0.000862
0.001007
0.000964
0.000944
0.000982
0.001005
0.001260
0.000944
0.000932
0.000987
0.000930
0.000981
0.000975
0.000916
0.001021
0.000816
0.000981
0.000932
0.000971
0.001627
0.001190
0.000898
0.000994
0.000976
0.000945
0.000986
0.000884
0.000971
0.000988
0.000966
0.000861
0.000966
0.001085
0.000916
0.000934
0.001035
0.000777
0.001034
0.000991
0.000867
0.000942
0.000852
0.000909
0.000889
0.001054
0.000978
0.001055
0.000855
0.001009
0.001067
0.001073
0.000891
0.000921
0.000943
0.001035
0.000915
0.001027
0.001843
0.000411
0.000374
0.001077
0.000605
0.001246
0.001126
0.000506
0.000479
0.000953
0.000707
0.001517
0.000268
