0.000910
0.000888
0.000838
0.000887
0.000902
0.000960
0.001011
0.000883
0.001017
0.000905
0.000923
0.000962
0.000972
0.000830
0.000896
0.001014
0.000865
0.000821
0.000859
0.000922
0.001005
0.000904
0.000913
0.000845
0.000919
0.000916
0.000935
0.000795
0.001004
0.000948
0.000943
0.001883
0.000980
0.001035
0.000871
0.000871
0.000984
0.001007
0.000959
0.001055
0.000957
0.000988
0.000963
0.000911
0.001015
0.001047
0.000847
0.000953
0.000995
0.001014
0.000973
0.002330
0.000983
0.000938
0.000915
0.000940
0.000983
0.001023
0.000831
0.000860
0.000925
0.001022
0.000959
0.000967
0.000793
0.001069
0.001064
0.000954
0.001075
0.001093
0.000931
0.000979
0.000999
0.000906
0.000834
0.000836
0.000989
0.001004
0.000971
0.001016
0.000984
0.000974
0.000971
0.000955
0.001010
0.000963
0.001018
0.001002
0.000920
0.000861
0.000908
0.000866
0.000956
0.001128
0.000988
0.000897
0.001004
0.001085
0.000915
0.000854
0.000930
0.001065
0.000915
0.000974
0.000970
0.000878
0.000957
0.000902
0.000934
0.000804
0.001008
0.000872
0.000999
0.000977
0.000939
0.001110
0.000891
0.000889
0.001051
0.000932
0.000907
0.000904
0.000925
0.000945
0.000869
0.000820
0.000856
0.000901
0.000875
0.001075
0.000915
0.001023
0.001109
0.000870
0.000986
0.000961
0.000895
0.001052
0.000848
0.001055
0.000854
0.000842
0.000981
0.001014
0.000851
0.001009
0.001073
0.000927
0.000967
0.000955
0.000984
0.001020
0.000930
0.001059
0.000933
0.000868
0.000901
0.001007
0.000981
0.000908
0.000946
0.001028
0.000842
0.000999
0.001011
0.000873
0.001008
0.000842
0.000920
0.000971
0.001077
0.001050
0.000984
0.000861
0.000952
0.000991
0.000847
0.001018
0.000951
0.000869
0.000914
0.000867
0.000952
0.000874
0.000801
0.001001
0.000910
0.001046
0.000932
0.000976
0.001040
0.001055
0.001034
0.000820
0.001029
0.001073
0.000930
0.001004
0.000936
0.000976
0.001136
0.000855
0.000934
0.000810
0.000868
0.000849
0.001340
0.000950
0.000842
0.000832
0.000878
0.000893
0.000945
0.000982
0.000973
0.001022
0.001039
0.000887
0.000949
0.000930
0.000923
0.000930
0.000944
0.000992
0.001013
0.000918
0.000944
0.000907
0.001006
0.001009
0.001025
0.000950
0.000997
0.000905
0.001050
0.001099
0.002369
0.000896
0.000851
0.000948
0.000914
0.001017
0.000856
0.000884
0.000964
0.000996
0.000955
0.000874
0.000955
0.000873
0.002410
0.000864
0.001003
0.000893
0.000991
0.000857
0.000925
0.000968
0.000896
0.000976
0.000933
0.000945
0.001024
0.000927
0.001048
0.000837
0.000766
0.000931
0.002397
0.000876
0.000968
0.000932
0.000942
0.000863
0.000959
0.000958
0.000867
0.001000
0.000955
0.000878
0.000893
0.000992
0.000929
0.000862
0.000921
0.000863
0.000930
0.001024
0.000868
0.000879
0.000946
0.001106
0.000893
0.001030
0.000947
0.000897
0.000946
0.000979
0.001160
0.000936
0.000895
0.000885
0.000949
0.000976
0.000852
0.000886
0.000861
0.000964
0.000979
0.000985
0.000873
0.000939
0.000985
0.000878
0.000939
0.001016
0.001033
0.000883
0.001017
0.000934
0.000944
0.000905
0.000835
0.000974
0.000976
0.001018
0.000838
0.000962
0.000948
0.000790
0.000903
0.000902
0.000833
0.001019
0.000964
0.000917
0.001089
0.001008
0.000998
0.000982
0.001053
0.001093
0.001026
0.000860
0.000891
0.000965
0.000857
0.001043
0.000912
0.000978
0.000895
0.000915
0.000864
0.000854
0.000905
0.000913
0.000862
0.000894
0.000846
0.001082
0.000832
0.001101
0.000902
0.000979
0.001031
0.000970
0.001119
0.000999
0.000985
0.001041
0.000918
0.001106
0.000925
0.001027
0.001101
0.000868
0.001008
0.001033
0.000859
0.001001
0.001058
0.000980
0.000908
0.001005
0.000942
0.001042
0.001034
0.000938
0.000993
0.000769
0.001053
0.000846
0.000991
0.000880
0.001016
0.000881
0.000980
0.000982
0.001012
0.000908
0.000939
0.000978
0.001067
0.001021
0.000952
0.001045
0.000967
0.000899
0.000772
0.001025
0.000942
0.000975
0.000887
0.000893
0.000833
0.000821
0.000953
0.000810
0.000878
0.001272
0.001071
0.000931
0.001051
0.000896
0.000977
0.000864
0.000936
0.000940
0.000811
0.000873
0.000946
0.000775
0.001005
0.001056
0.000964
0.001021
0.000925
0.000978
0.000936
0.000938
0.000846
0.000894
0.001128
0.001055
0.001017
0.002278
0.000842
0.000871
0.000966
0.000881
0.001057
0.000893
0.001017
0.000964
0.000980
0.001013
0.000984
0.000906
0.001018
0.001401
0.001097
0.001000
0.000947
0.000856
0.000963
0.000874
0.001033
0.000847
0.001031
0.001006
0.000919
0.000973
0.000938
0.001019
0.001005
0.000843
0.001036
0.000900
0.001081
0.000878
0.000882
0.000988
0.000840
0.000910
0.001049
0.000997
0.000916
0.000958
0.000861
0.000922
0.000868
0.001055
0.000944
0.000923
0.001036
0.000991
0.001021
0.000969
0.000852
0.000987
