0.000632
0.000738
0.001758
0.000594
0.001433
0.000537
0.000824
0.000673
0.000758
0.000650
0.001051
0.001577
0.001460
0.001392
0.001748
0.001842
0.002341
0.001495
0.001365
0.001456
0.001771
0.001465
0.001457
0.001490
0.001410
0.001769
0.001461
0.001388
0.001803
0.001411
0.001775
0.001975
0.001828
0.001455
0.001686
0.001416
0.001480
0.001449
0.001438
0.001450
0.001753
0.001384
0.001436
0.001735
0.001439
0.001499
0.001397
0.001484
0.001454
0.001394
0.001523
0.001385
0.001676
0.001526
0.001520
0.001384
0.002455
0.001428
0.001715
0.001399
0.001720
0.001389
0.001428
0.001518
0.001422
0.001677
0.001448
0.001728
0.001667
0.001794
0.001389
0.001671
0.001696
0.001460
0.001390
0.001676
0.001484
0.001414
0.001428
0.001457
0.001407
0.001395
0.001367
0.001450
0.001705
0.001398
0.001505
0.001439
0.001504
0.001387
0.001422
0.001436
0.001787
0.001376
0.001548
0.001389
0.001761
0.001457
0.001364
0.001474
0.001400
0.001374
0.001495
0.001437
0.001758
0.001398
0.001514
0.001475
0.001438
0.001425
0.001474
0.001347
0.001386
0.001691
0.001449
0.001476
0.001716
0.001474
0.002546
0.001380
0.001468
0.001323
0.001694
0.001727
0.001549
0.001448
0.001697
0.001481
0.001721
0.001620
0.001418
0.001694
0.001371
0.001501
0.001393
0.001532
0.001435
0.001370
0.001472
0.001605
0.001423
0.001744
0.001526
0.001465
0.001388
0.001418
0.001747
0.001739
0.001400
0.001443
0.001394
0.001435
0.001433
0.001411
0.001413
0.001688
0.001783
0.001501
0.001432
0.001507
0.001374
0.001756
0.002265
0.001827
0.001389
0.001559
0.001759
0.001491
0.001879
0.001537
0.001783
0.001526
0.001747
0.001602
0.001815
0.001638
0.001740
0.001446
0.001769
0.001731
0.001442
0.001726
0.001865
0.001680
0.001477
0.001768
0.001808
0.001373
0.001802
0.001754
0.001467
0.001463
0.001466
0.001651
0.001727
0.001049
0.002157
0.001120
0.001244
0.003097
0.001479
0.001406
0.001483
0.001424
0.001412
0.001707
0.001625
0.001437
0.001717
0.001630
0.001746
0.001419
0.001828
0.001641
0.001433
0.001492
0.001719
0.001453
0.001411
0.001702
0.001403
0.001745
0.001683
0.001916
0.001499
0.001365
0.002588
0.001432
0.001396
0.001426
0.001444
0.001427
0.001413
0.001424
0.001389
0.001404
0.001455
0.001514
0.001456
0.001691
0.002181
0.000627
0.001275
0.000686
0.001354
0.000675
0.001306
0.000656
0.001755
0.001332
0.000605
0.001376
0.001430
0.001352
0.001506
0.001417
0.001673
0.001452
0.001411
0.001407
0.001713
0.001672
0.001499
0.001860
0.001680
0.001629
0.001455
0.001725
0.001787
0.001760
0.001440
0.001375
0.001830
0.001665
0.001460
0.001479
0.001409
0.001466
0.001382
0.001398
0.001421
0.001473
0.001669
0.001754
0.002490
0.001834
0.001692
0.001396
0.001688
0.001797
0.001374
0.001397
0.001705
0.001695
0.001495
0.001451
0.001435
0.001460
0.001400
0.001414
0.001361
0.001446
0.001402
0.001390
0.001413
0.001408
0.001439
0.001409
0.001442
0.001399
0.001748
0.001663
0.001431
0.001593
0.001468
0.001735
0.001389
0.001757
0.001465
0.001445
0.001421
0.001730
0.001487
0.001816
0.001536
0.001440
0.001405
0.001385
0.001420
0.001843
0.001440
0.001752
0.001440
0.001584
0.001458
0.001641
0.001458
0.001439
0.001454
0.001772
0.001497
0.001803
0.001418
0.001381
0.001782
0.001724
0.001760
0.001428
0.000670
0.001536
0.001263
0.000604
0.001395
0.001338
0.001694
0.001736
0.001350
0.001437
0.001473
0.002514
0.001524
0.001526
0.001472
0.001450
0.001466
0.001508
0.001380
0.001681
0.001835
0.001438
0.001449
0.001424
0.002187
0.001380
0.001515
0.001481
0.001329
0.001457
0.001435
0.001650
0.001403
0.001494
0.001427
0.001380
0.001437
0.001422
0.001436
0.001695
0.001483
0.001433
0.001450
0.001378
0.001995
0.001429
0.001514
0.001438
0.001451
0.001721
0.001392
0.001439
0.001443
0.001828
0.001456
0.001421
0.001446
0.001444
0.001467
0.001429
0.001389
0.001443
0.002092
0.001391
0.002549
0.001460
0.001523
0.001377
0.001466
0.001440
0.001450
0.001463
0.001489
0.002589
0.000638
0.000587
0.001342
0.001511
0.001700
0.001531
0.001397
0.001434
0.001463
0.001415
0.001849
0.001495
0.001506
0.001496
0.001856
0.001353
0.001668
0.001425
0.001409
0.001428
0.001559
0.001729
0.001557
0.001406
0.001464
0.001711
0.001506
0.001464
0.001430
0.001390
0.001707
0.001430
0.001419
0.001415
0.001441
0.001425
0.001417
0.001460
0.001466
0.001719
0.001417
0.001446
0.001336
0.001439
0.001331
0.002545
0.001408
0.001375
0.001444
0.001476
0.001410
0.001655
0.002059
0.000675
0.001391
0.001336
0.002488
0.001905
0.001422
0.001442
0.001433
0.001408
0.001416
0.001440
0.001664
0.001520
0.001700
0.001412
0.002543
0.001559
0.001466
0.001433
0.001354
0.001504
0.001359
0.001468
0.001423
0.001447
