0.002191
0.002121
0.002197
0.002282
0.002171
0.002382
0.002092
0.002214
0.002082
0.002281
0.002191
0.002391
0.002231
0.002074
0.002221
0.002291
0.002196
0.002113
0.002044
0.002221
0.002086
0.001911
0.003467
0.002144
0.002184
0.002301
0.002282
0.002019
0.002110
0.002110
0.002029
0.002006
0.002059
0.002048
0.002279
0.002260
0.002270
0.002200
0.002664
0.000633
0.000614
0.000632
0.001397
0.001345
0.001320
0.000862
0.000765
0.000983
0.001019
0.001553
0.002344
0.002112
0.002076
0.002050
0.002089
0.002173
0.002163
0.002025
0.002200
0.002125
0.002074
0.001949
0.002005
0.002102
0.002275
0.002282
0.002119
0.002157
0.002200
0.002114
0.002096
0.002308
0.002194
0.002061
0.002172
0.002170
0.001997
0.002087
0.002510
0.002014
0.001978
0.002228
0.002300
0.002152
0.002055
0.002082
0.002202
0.002130
0.002116
0.002155
0.002122
0.002167
0.001991
0.002049
0.002271
0.002068
0.002074
0.002007
0.002172
0.002151
0.002144
0.002037
0.002192
0.002101
0.001990
0.002150
0.002158
0.002070
0.002000
0.002072
0.002099
0.002062
0.002047
0.002118
0.002055
0.002235
0.002060
0.002114
0.002158
0.002153
0.002050
0.002153
0.002214
0.001989
0.002081
0.002174
0.002200
0.002029
0.002164
0.002203
0.001999
0.001971
0.002114
0.002178
0.002498
0.002121
0.002057
0.002053
0.001571
0.002116
0.002097
0.002185
0.002059
0.002142
0.002237
0.002208
0.002046
0.002022
0.002192
0.002156
0.002073
0.002196
0.002093
0.002226
0.002171
0.002114
0.002154
0.002310
0.002234
0.002167
0.002349
0.002383
0.002130
0.002472
0.002215
0.002191
0.002261
0.002170
0.002222
0.002144
0.002154
0.002158
0.002163
0.002232
0.002111
0.002059
0.002226
0.002475
0.000799
0.000765
0.000818
0.000627
0.001227
0.001484
0.000564
0.000718
0.000765
0.001954
0.000570
0.001045
0.000901
0.001995
0.000844
0.001909
0.002285
0.002108
0.002164
0.002098
0.002290
0.002009
0.002115
0.002688
0.001458
0.001397
0.002125
0.002025
0.002101
0.002120
0.002066
0.002116
0.002204
0.002058
0.001634
0.002197
0.002159
0.002772
0.000753
0.000792
0.000889
0.000652
0.000700
0.000716
0.001419
0.001910
0.001335
0.001830
0.001734
0.001554
0.001746
0.001799
0.001674
0.001653
0.001583
0.001670
0.001542
0.001798
0.001922
0.001604
0.001780
0.001667
0.001716
0.001927
0.001680
0.001737
0.001855
0.001818
0.001779
0.001665
0.001742
0.001714
0.001873
0.001538
0.001671
0.001782
0.001731
0.001768
0.001868
0.001907
0.001680
0.001717
0.001767
0.001867
0.001690
0.001691
0.001681
0.001610
0.001683
0.001912
0.001789
0.001723
0.001775
0.001732
0.001563
0.001778
0.001687
0.001686
0.001779
0.001736
0.001811
0.001685
0.001867
0.001670
0.001758
0.001573
0.001733
0.001580
0.001688
0.002018
0.002231
0.002071
0.002148
0.001523
0.002146
0.002076
0.002156
0.002097
0.002163
0.002031
0.002061
0.001917
0.002034
0.002114
0.002103
0.002007
0.002165
0.002156
0.002161
0.002459
0.000820
0.001444
0.001451
0.000596
0.001513
0.000609
0.000700
0.000755
0.001836
0.000771
0.000678
0.001052
0.001626
0.001995
0.002043
0.002041
0.002144
0.002509
0.002212
0.002093
0.002112
0.002139
0.002026
0.002219
0.002023
0.002058
0.002073
0.002087
0.002067
0.002103
0.002129
0.002117
0.002088
0.002212
0.002216
0.001982
0.002131
0.002128
0.002052
0.002083
0.001969
0.002050
0.002271
0.002273
0.001999
0.002187
0.002238
0.002122
0.002049
0.002173
0.002190
0.002142
0.001982
0.002908
0.002071
0.002126
0.002039
0.002082
0.002047
0.002115
0.002046
0.002175
0.002038
0.002048
0.001728
0.002055
0.002176
0.002171
0.002151
0.002678
0.000764
0.002147
0.002079
0.002129
0.002098
0.002074
0.002259
0.002119
0.002192
0.002070
0.002191
0.002076
0.002063
0.001961
0.002050
0.002061
0.002202
0.002087
0.002156
0.002025
0.002075
0.001993
0.002146
0.002117
0.002386
0.000755
0.001320
0.000726
0.000642
0.000627
0.000722
0.001984
0.001135
0.001489
0.002116
0.002246
0.002026
0.002196
0.002091
0.002180
0.002047
0.001856
0.002207
0.002085
0.002159
0.002003
0.002098
0.002141
0.001972
0.001955
0.002218
0.002035
0.002107
0.001990
0.002073
0.002175
0.002290
0.002462
0.002199
0.002237
0.002124
0.002120
0.002172
0.002230
0.002065
0.002198
0.002037
0.002063
0.002648
0.001890
0.002346
0.002133
0.002066
0.002097
0.002115
0.002057
0.002180
0.002132
0.002044
0.002176
0.001598
0.002175
0.002286
0.002413
0.002064
0.002285
0.002124
0.002307
0.002071
0.002168
0.002108
0.002233
0.002087
0.002043
0.002035
0.002088
0.002110
0.002113
0.002123
0.002087
0.001980
0.002203
0.002094
0.002194
0.002157
0.002266
0.002029
0.002089
0.001998
0.002101
0.002132
0.002189
0.002327
0.002350
0.002077
0.002019
0.002220
0.003233
0.002285
0.002742
0.002207
0.002101
