0.001530
0.001599
0.001483
0.001373
0.001533
0.001500
0.001509
0.002186
0.001416
0.001147
0.000597
0.000487
0.001762
0.001271
0.000628
0.000781
0.000687
0.000750
0.000926
0.001398
0.001998
0.001525
0.001882
0.001361
0.001442
0.001448
0.001524
0.001683
0.001486
0.001476
0.001421
0.001423
0.001519
0.002484
0.001408
0.001500
0.001370
0.001594
0.001755
0.001423
0.001628
0.001924
0.001657
0.001411
0.001501
0.001228
0.000680
0.000593
0.001580
0.000560
0.000623
0.000710
0.001935
0.001049
0.000611
0.000592
0.000924
0.001742
0.001257
0.000596
0.000641
0.000578
0.001845
0.001211
0.000595
0.001366
0.000530
0.000452
0.000753
0.000691
0.001643
0.000713
0.000659
0.000895
0.000919
0.001955
0.001367
0.000459
0.001483
0.000601
0.000687
0.001870
0.001287
0.000647
0.000764
0.001509
0.001287
0.001449
0.001801
0.001371
0.002735
0.001466
0.001420
0.001508
0.001438
0.001903
0.001521
0.001501
0.001770
0.001865
0.001537
0.001497
0.001841
0.001341
0.001403
0.001299
0.001398
0.001391
0.001538
0.001502
0.001771
0.001844
0.001607
0.001741
0.001760
0.001452
0.001512
0.001486
0.001759
0.001848
0.001407
0.001481
0.001441
0.001419
0.001532
0.001507
0.001475
0.001469
0.001802
0.001581
0.001548
0.001469
0.001817
0.001513
0.001578
0.001741
0.001725
0.001514
0.001510
0.002597
0.001309
0.001415
0.001414
0.001495
0.001424
0.001469
0.001824
0.002260
0.000650
0.000582
0.001390
0.001740
0.001463
0.001735
0.001746
0.001869
0.001741
0.001379
0.001477
0.001918
0.001406
0.001921
0.001844
0.001968
0.001288
0.001671
0.001677
0.001824
0.001809
0.001810
0.001549
0.001452
0.001537
0.001434
0.001483
0.001503
0.001460
0.001537
0.001394
0.001450
0.001501
0.001540
0.001819
0.001445
0.001861
0.001446
0.001438
0.001475
0.001775
0.001463
0.001469
0.001517
0.001500
0.001342
0.001684
0.001465
0.001829
0.001550
0.001399
0.001444
0.001471
0.001581
0.001471
0.001454
0.001541
0.001411
0.001452
0.001378
0.001477
0.001455
0.001481
0.001431
0.001548
0.001566
0.001896
0.001477
0.001923
0.001824
0.001447
0.001401
0.001475
0.001500
0.001655
0.001396
0.001308
0.001783
0.001532
0.001458
0.001479
0.002480
0.001489
0.001783
0.001430
0.001347
0.001369
0.001471
0.001487
0.001827
0.001463
0.001622
0.002024
0.000586
0.001129
0.000699
0.000690
0.000666
0.000972
0.001823
0.000981
0.002249
0.000973
0.000864
0.000766
0.000869
0.002013
0.000451
0.000654
0.000670
0.000666
0.000789
0.001041
0.001844
0.001517
0.001471
0.001429
0.001897
0.001479
0.001497
0.001396
0.001363
0.001410
0.001543
0.001577
0.001530
0.001521
0.001785
0.001735
0.001485
0.001771
0.001541
0.001680
0.001621
0.001858
0.001389
0.001337
0.000471
0.000623
0.000731
0.001306
0.001854
0.001834
0.001500
0.001954
0.001348
0.000577
0.000734
0.001674
0.001446
0.001720
0.001472
0.001463
0.001482
0.002118
0.001418
0.001835
0.001446
0.001610
0.001497
0.001783
0.001440
0.001560
0.001612
0.001882
0.001521
0.001549
0.001612
0.001913
0.001867
0.001478
0.001846
0.001891
0.001447
0.001498
0.001501
0.001483
0.001502
0.001406
0.001784
0.001481
0.001471
0.001375
0.001776
0.001914
0.001858
0.001526
0.001513
0.001768
0.001916
0.001480
0.001482
0.001470
0.001454
0.001452
0.001421
0.001827
0.002232
0.001409
0.001446
0.001139
0.001420
0.001461
0.001455
0.001481
0.001533
0.002428
0.001444
0.001461
0.001986
0.001406
0.001468
0.001825
0.000632
0.000597
0.000672
0.000811
0.001012
0.002638
0.001373
0.001388
0.001465
0.000619
0.001556
0.001070
0.000405
0.000538
0.000541
0.002022
0.001260
0.000713
0.000709
0.000618
0.001138
0.001868
0.000430
0.000564
0.000996
0.000886
0.001892
0.001226
0.001255
0.001224
0.000602
0.000417
0.000619
0.001859
0.000771
0.000709
0.001066
0.000694
0.000833
0.001990
0.001449
0.001442
0.001468
0.002154
0.001890
0.001460
0.001724
0.001509
0.001803
0.001801
0.001866
0.001439
0.001879
0.001850
0.001325
0.001463
0.001737
0.001831
0.001432
0.001915
0.001365
0.001404
0.001395
0.002334
0.001437
0.001388
0.001784
0.001495
0.001522
0.001542
0.001463
0.001989
0.001377
0.001414
0.001565
0.001959
0.000572
0.001156
0.001078
0.000716
0.000646
0.000647
0.001775
0.001230
0.001364
0.001258
0.000699
0.001304
0.001915
0.001396
0.001248
0.001100
0.001397
0.001403
0.000610
0.001517
0.000665
0.001074
0.001027
0.001812
0.001312
0.001425
0.001516
0.001459
0.001734
0.001782
0.001411
0.001776
0.001431
0.001447
0.001439
0.001697
0.001941
0.001484
0.001454
0.001865
0.003277
0.001780
0.001768
0.001678
0.001487
0.001831
0.002528
0.001714
0.001867
0.001830
0.001375
0.001611
0.001527
0.001812
0.001384
0.001480
0.001794
0.001770
0.001611
0.001624
0.001785
0.001465
0.001456
