0.002185
0.002314
0.001822
0.001514
0.002180
0.001194
0.002137
0.001209
0.001239
0.001274
0.001242
0.001700
0.001573
0.001771
0.001694
0.002214
0.001671
0.001715
0.002205
0.001710
0.001577
0.001746
0.000383
0.001141
0.001215
0.000949
0.000379
0.001319
0.001216
0.000785
0.000375
0.001483
0.001228
0.001799
0.001227
0.000520
0.001168
0.001230
0.001861
0.001513
0.002023
0.002122
0.001605
0.002090
0.000464
0.001192
0.001249
0.001722
0.002004
0.001984
0.001196
0.001213
0.000573
0.001378
0.001221
0.002193
0.001245
0.001154
0.002143
0.001189
0.001341
0.001643
0.001735
0.001463
0.001283
0.001661
0.001195
0.000953
0.001182
0.001259
0.000934
0.001274
0.000953
0.001195
0.001227
0.002228
0.001572
0.001768
0.001744
0.001355
0.001226
0.001075
0.001298
0.002147
0.002129
0.002129
0.001145
0.002013
0.002013
0.001860
0.002142
0.001202
0.001204
0.000385
0.001268
0.001266
0.001848
0.001244
0.000354
0.001185
0.001225
0.001193
0.000440
0.001274
0.001195
0.001206
0.001285
0.001944
0.001899
0.001253
0.000345
0.001164
0.001208
0.001226
0.001224
0.001197
0.001240
0.001541
0.001945
0.002213
0.001681
0.001656
0.001187
0.001486
0.001971
0.000438
0.001167
0.000818
0.001290
0.001208
0.001239
0.001233
0.001196
0.001664
0.001205
0.002190
0.001704
0.001671
0.002227
0.002198
0.000664
0.001204
0.001600
0.001276
0.001257
0.001630
0.001204
0.001783
0.001991
0.002258
0.001227
0.001231
0.001215
0.001876
0.001129
0.002249
0.001959
0.001216
0.001224
0.001195
0.001656
0.001598
0.001236
0.000363
0.001400
0.001235
0.001196
0.001963
0.000371
0.001273
0.001241
0.001167
0.002081
0.002057
0.001658
0.001111
0.002005
0.001826
0.001730
0.002147
0.001192
0.002031
0.001924
0.002201
0.002238
0.001791
0.002167
0.001844
0.001207
0.001224
0.002290
0.001651
0.001393
0.002117
0.001253
0.002156
0.002226
0.001826
0.001830
0.001208
0.002220
0.001210
0.000853
0.000434
0.001483
0.000871
0.001303
0.001622
0.002204
0.001222
0.002009
0.001189
0.001576
0.001759
0.001196
0.001541
0.001996
0.001181
0.001206
0.001214
0.002046
0.001140
0.002056
0.002189
0.000835
0.001183
0.001223
0.001636
0.001662
0.001037
0.001298
0.001238
0.002017
0.001161
0.001302
0.001677
0.001247
0.002241
0.001386
0.002147
0.001201
0.001857
0.002246
0.002154
0.001226
0.001215
0.000440
0.001171
0.001244
0.001664
0.001366
0.001214
0.002132
0.001603
0.001127
0.001127
0.001800
0.000390
0.001234
0.001207
0.001234
0.001955
0.002094
0.001347
0.001971
0.001105
0.002047
0.001196
0.001205
0.000450
0.001280
0.000415
0.000380
0.001321
0.001161
0.000348
0.001273
0.001234
0.001219
0.002187
0.002152
0.002077
0.001214
0.002125
0.001873
0.002225
0.001578
0.002048
0.001209
0.001196
0.001273
0.001199
0.001236
0.001185
0.001212
0.001255
0.001240
0.001237
0.000390
0.001261
0.001278
0.001218
0.001234
0.000444
0.001173
0.001216
0.001167
0.000497
0.001288
0.001247
0.001130
0.001134
0.001227
0.002060
0.002140
0.001972
0.000654
0.001215
0.001244
0.000774
0.001272
0.001280
0.000417
0.001265
0.001251
0.001198
0.001246
0.002151
0.001150
0.001215
0.000756
0.001239
0.001199
0.002062
0.002213
0.001621
0.001205
0.000714
0.001157
0.001225
0.001218
0.001199
0.001179
0.001173
0.000456
0.001299
0.001213
0.001123
0.001138
0.002020
0.001571
0.001228
0.001246
0.001204
0.001704
0.001782
0.001204
0.001737
0.001236
0.000626
0.001181
0.001215
0.001968
0.002215
0.002051
0.001213
0.001805
0.002257
0.001199
0.001219
0.001186
0.002179
0.001525
0.001617
0.001192
0.002137
0.001586
0.002246
0.001871
0.001205
0.001231
0.001820
0.001537
0.001546
0.002045
0.001118
0.002121
0.002013
0.001811
0.001261
0.001279
0.001789
0.002170
0.001242
0.001198
0.000500
0.000705
0.001610
0.001224
0.001190
0.000944
0.001282
0.001212
0.001241
0.001227
0.001702
0.002145
0.001670
0.001308
0.001547
0.001479
0.001179
0.002021
0.001203
0.002131
0.001577
0.001901
0.001926
0.001199
0.001298
0.001568
0.001228
0.001234
0.001285
0.001784
0.002135
0.002219
0.001184
0.001186
0.001217
0.001234
0.001227
0.002063
0.001720
0.001207
0.001306
0.001222
0.001976
0.001585
0.001287
0.001868
0.001620
0.001976
0.001609
0.001210
0.001256
0.001194
0.001263
0.000570
0.001274
0.001207
0.000417
0.000459
0.001393
0.001235
0.002003
0.002012
0.002147
0.001600
0.001207
0.001586
0.002145
0.002020
0.001964
0.001633
0.001727
0.001228
0.001979
0.002073
0.001692
0.001802
0.001337
0.002015
0.001213
0.001956
0.002260
0.001638
0.002238
0.002293
0.002160
0.001308
0.002045
0.001670
0.001213
0.002146
0.002220
0.002246
0.001942
0.001104
0.001211
0.001198
0.001226
0.001310
0.001304
0.001529
0.002085
0.001830
0.001214
0.001214
0.000357
