0.002197
0.002150
0.003509
0.002044
0.002039
0.002148
0.001930
0.000500
0.000469
0.000480
0.000617
0.000501
0.000500
0.001601
0.002156
0.000704
0.000490
0.000841
0.001907
0.001862
0.001828
0.002272
0.002051
0.002023
0.002148
0.001852
0.002124
0.002028
0.002281
0.001840
0.002074
0.002220
0.001959
0.002045
0.002023
0.001946
0.002253
0.002082
0.001925
0.002073
0.002888
0.002163
0.002150
0.002068
0.002163
0.002228
0.001409
0.002154
0.002125
0.002274
0.002172
0.002229
0.001971
0.001942
0.002125
0.002286
0.001708
0.000635
0.000574
0.000449
0.000500
0.001435
0.002183
0.001279
0.000420
0.000494
0.000803
0.000605
0.001964
0.000482
0.000481
0.000514
0.001430
0.000811
0.000449
0.000577
0.000740
0.002128
0.000757
0.000490
0.001272
0.001971
0.000448
0.000567
0.000507
0.002123
0.002051
0.001937
0.002101
0.002304
0.001827
0.001878
0.001931
0.001961
0.001912
0.002093
0.001805
0.002098
0.002208
0.002217
0.002041
0.002129
0.001947
0.000646
0.000515
0.001353
0.000727
0.000526
0.000511
0.001945
0.002214
0.001867
0.002208
0.002071
0.001775
0.001891
0.002103
0.002034
0.002044
0.001956
0.000632
0.000432
0.000454
0.001156
0.000668
0.001982
0.000478
0.001313
0.000555
0.001858
0.000467
0.000717
0.000527
0.001461
0.001838
0.000432
0.000459
0.000590
0.001945
0.000452
0.000468
0.001988
0.000887
0.000625
0.000720
0.001903
0.001312
0.000472
0.001965
0.000666
0.000855
0.000861
0.000779
0.002765
0.001408
0.001981
0.001567
0.002124
0.001680
0.002153
0.001947
0.001879
0.001997
0.002026
0.002221
0.002141
0.001992
0.001971
0.001901
0.002066
0.002147
0.001795
0.001947
0.001824
0.003487
0.001756
0.000832
0.000433
0.000431
0.001454
0.001290
0.002149
0.002062
0.002012
0.002052
0.002690
0.001907
0.002117
0.001993
0.001766
0.000446
0.000470
0.000425
0.000534
0.001304
0.001841
0.000424
0.000596
0.000503
0.001670
0.000450
0.000478
0.000638
0.001482
0.000454
0.000470
0.000935
0.001248
0.001723
0.001684
0.001971
0.001972
0.002170
0.001764
0.002055
0.002027
0.001855
0.002119
0.002011
0.001662
0.001906
0.002073
0.002176
0.002104
0.002073
0.002102
0.002155
0.001975
0.001930
0.002068
0.002110
0.002108
0.002153
0.002354
0.002045
0.002489
0.001976
0.002131
0.001874
0.002036
0.002022
0.002093
0.002208
0.002253
0.002005
0.002074
0.001963
0.001932
0.001906
0.001961
0.002235
0.002335
0.001730
0.002085
0.001938
0.002000
0.002309
0.002049
0.001850
0.001799
0.002018
0.001830
0.001973
0.001810
0.002042
0.001945
0.002034
0.002034
0.002161
0.002150
0.002842
0.002413
0.000676
0.000522
0.000471
0.000789
0.000465
0.000787
0.002000
0.000703
0.000785
0.000917
0.002050
0.000889
0.000980
0.001995
0.000433
0.000800
0.001855
0.000491
0.000417
0.000518
0.001259
0.001699
0.000602
0.000526
0.000535
0.001526
0.000439
0.000461
0.000515
0.000654
0.001836
0.000975
0.000612
0.001811
0.000994
0.000450
0.000539
0.001844
0.000562
0.000490
0.000771
0.001349
0.002037
0.001983
0.002057
0.001839
0.001894
0.002128
0.001989
0.001818
0.001911
0.001983
0.002007
0.001960
0.002011
0.001942
0.002032
0.002020
0.002094
0.001918
0.002106
0.002485
0.000460
0.000445
0.000656
0.000463
0.000495
0.001193
0.000735
0.001839
0.000469
0.000498
0.001061
0.001979
0.000911
0.000453
0.000693
0.001953
0.000482
0.000441
0.000535
0.000799
0.002052
0.000667
0.000976
0.000730
0.002008
0.000714
0.000457
0.002006
0.000601
0.000461
0.000754
0.001062
0.001500
0.002570
0.000436
0.000466
0.000499
0.001254
0.001604
0.002597
0.000425
0.000483
0.001461
0.001980
0.001950
0.001858
0.002194
0.002033
0.002027
0.001879
0.002062
0.002134
0.001957
0.002089
0.001794
0.002087
0.002103
0.002011
0.002001
0.002081
0.002026
0.001975
0.002107
0.001835
0.002128
0.001990
0.001874
0.001846
0.001842
0.001839
0.002109
0.002205
0.002015
0.001895
0.001914
0.002141
0.001902
0.002215
0.002077
0.002165
0.002276
0.002681
0.002312
0.002006
0.001881
0.002043
0.001907
0.002016
0.002056
0.001896
0.002003
0.002096
0.001966
0.002041
0.002100
0.002206
0.002101
0.002128
0.002081
0.002124
0.001981
0.002115
0.002126
0.001860
0.002074
0.001994
0.002014
0.002056
0.002059
0.001781
0.001964
0.002419
0.001918
0.001998
0.001880
0.002060
0.001815
0.002030
0.001982
0.001988
0.002080
0.002013
0.002005
0.002070
0.001912
0.002014
0.002044
0.002018
0.001988
0.002070
0.001999
0.001960
0.001993
0.002077
0.002287
0.002206
0.002131
0.002109
0.002078
0.001857
0.001937
0.001945
0.002293
0.002036
0.001859
0.002012
0.001830
0.001906
0.002169
0.001911
0.002177
0.002174
0.002091
0.002040
0.002140
0.002122
0.001942
0.002033
0.002045
0.002026
0.002042
0.001893
0.001954
0.002138
0.002050
0.001933
